0 0.327150 0.043645 0.066092 0.050174
0 0.828281 0.383161 0.055925 0.046426
0 0.841825 0.542382 0.070140 0.048296
0 0.223736 0.377253 0.058625 0.045874
0 0.335038 0.442854 0.063284 0.049175
0 0.374613 0.162241 0.060375 0.047042
0 0.534044 0.169020 0.054653 0.043074
0 0.764111 0.691287 0.074685 0.051114
0 0.017442 0.178018 0.034800 0.051443
0 0.626347 0.798161 0.075516 0.058968
0 0.473939 0.195408 0.053446 0.032550
0 0.068292 0.953350 0.072760 0.050666
0 0.237064 0.437287 0.067173 0.050514
0 0.839718 0.322405 0.057056 0.038216
0 0.273661 0.466234 0.064804 0.045825
0 0.055242 0.275278 0.052192 0.041727
0 0.254108 0.077614 0.054728 0.041009
0 0.472448 0.639917 0.064036 0.041978
0 0.480884 0.704176 0.062386 0.045648
