0 0.621434 0.034355 0.035276 0.054905
0 0.473412 0.388237 0.035663 0.056991
0 0.845826 0.496491 0.034744 0.055515
0 0.059025 0.298433 0.031270 0.046634
0 0.660617 0.691411 0.113446 0.153739
0 0.990921 0.272305 0.017302 0.066718
0 0.086574 0.381526 0.028527 0.047716
0 0.581137 0.093306 0.035388 0.055913
0 0.614061 0.100912 0.034805 0.058818
0 0.486460 0.587152 0.034559 0.055480
0 0.067180 0.745057 0.029145 0.046143
0 0.415711 0.807314 0.035201 0.054537
0 0.250270 0.724183 0.033378 0.053593
0 0.216159 0.625637 0.028359 0.060419
0 0.462994 0.360195 0.028942 0.045456
0 0.279143 0.738347 0.030186 0.048748
0 0.485273 0.129236 0.034557 0.055926
0 0.304681 0.669710 0.031520 0.047917
0 0.033874 0.443417 0.027073 0.042980
0 0.103965 0.289939 0.026920 0.044737
0 0.046504 0.820448 0.038154 0.064529
0 0.091226 0.517039 0.026929 0.044412
0 0.737197 0.672570 0.025699 0.046015
0 0.202816 0.482233 0.030802 0.047216
0 0.795191 0.344971 0.023631 0.036341
0 0.348786 0.655711 0.027838 0.044056
0 0.985173 0.330544 0.028857 0.055875
0 0.654196 0.041026 0.034310 0.053066
0 0.051430 0.499668 0.027955 0.047981
0 0.835956 0.558870 0.036310 0.055453
0 0.740037 0.825852 0.034670 0.056769
0 0.072318 0.855545 0.029755 0.045558
