0 0.566337 0.725931 0.110634 0.083500
0 0.821904 0.371531 0.061637 0.044612
0 0.227796 0.402546 0.069997 0.055904
0 0.791298 0.254777 0.042350 0.034346
0 0.443846 0.491659 0.089665 0.069475
0 0.509506 0.648429 0.090661 0.072440
0 0.153595 0.508112 0.081277 0.058624
0 0.711565 0.316385 0.051733 0.043911
0 0.698963 0.106875 0.050511 0.039096
0 0.828027 0.449148 0.042795 0.029147
0 0.779355 0.498225 0.047758 0.032370
0 0.333354 0.720704 0.058431 0.045261
0 0.872340 0.425318 0.042641 0.030690
0 0.627111 0.532170 0.034872 0.029874
0 0.283889 0.078303 0.067981 0.057716
0 0.833496 0.423109 0.037326 0.026635
