0 0.115391 0.438343 0.035459 0.028166
0 0.554795 0.181100 0.056214 0.049441
0 0.315349 0.382992 0.046640 0.039194
0 0.249573 0.340649 0.050546 0.040049
0 0.196035 0.341496 0.051259 0.036880
0 0.859978 0.735298 0.103017 0.085809
0 0.859909 0.735306 0.102543 0.085732
0 0.156506 0.561326 0.064157 0.044071
0 0.233345 0.415539 0.043127 0.034957
0 0.277867 0.359560 0.043932 0.041312
0 0.250017 0.500044 0.040235 0.032444
0 0.265198 0.429924 0.038828 0.033492
0 0.145443 0.459220 0.041532 0.032629
0 0.454524 0.754545 0.099016 0.090520
0 0.709363 0.259300 0.049219 0.040073
0 0.308702 0.463520 0.040690 0.036546
0 0.179684 0.446205 0.032596 0.024013
