0 0.552443 0.760599 0.085506 0.086491
0 0.540476 0.473541 0.069974 0.066544
0 0.206486 0.290885 0.074786 0.062048
0 0.462588 0.612530 0.093298 0.078664
0 0.030231 0.707628 0.060212 0.054139
0 0.569078 0.552257 0.081569 0.073719
0 0.474933 0.730951 0.075556 0.077637
0 0.495342 0.549518 0.091992 0.082520
0 0.162378 0.685102 0.085468 0.042083
0 0.072720 0.451515 0.145066 0.224782
0 0.238414 0.366836 0.068531 0.055256
0 0.362227 0.386059 0.073463 0.071899
0 0.679258 0.519385 0.070674 0.057948
0 0.508510 0.386664 0.091154 0.070589
0 0.584691 0.659680 0.085030 0.059305
0 0.308540 0.409726 0.063091 0.055037
0 0.370385 0.478173 0.093285 0.075222
0 0.814405 0.908688 0.092498 0.043020
