0 0.324923 0.708055 0.023212 0.038185
0 0.475167 0.792653 0.023744 0.036293
0 0.367449 0.296469 0.022826 0.035224
0 0.456582 0.715339 0.021680 0.031777
0 0.367108 0.810935 0.021320 0.037646
0 0.335578 0.620646 0.023625 0.031623
0 0.393817 0.710138 0.018662 0.032763
0 0.303358 0.359812 0.025433 0.035936
0 0.368319 0.706453 0.021349 0.036032
0 0.488179 0.816359 0.021417 0.038255
0 0.340687 0.719104 0.020298 0.036159
0 0.304541 0.790154 0.022540 0.036242
0 0.389392 0.661558 0.022030 0.038515
0 0.487698 0.740180 0.022635 0.036232
0 0.314871 0.752920 0.023285 0.037437
0 0.420684 0.695164 0.019476 0.030416
0 0.672689 0.123496 0.022029 0.034488
0 0.408992 0.715337 0.018146 0.036273
0 0.412531 0.405717 0.022797 0.027354
0 0.274585 0.379565 0.021277 0.036821
