0 0.504149 0.785970 0.023318 0.043748
0 0.734621 0.615489 0.020336 0.030460
0 0.907060 0.536328 0.017245 0.021973
0 0.808632 0.619404 0.014912 0.024916
0 0.084154 0.166812 0.034781 0.045864
0 0.025129 0.026818 0.036478 0.049998
0 0.723011 0.655134 0.021344 0.026850
0 0.383508 0.852533 0.025886 0.046996
0 0.567961 0.799951 0.025819 0.042925
0 0.164355 0.028088 0.030163 0.041831
0 0.179969 0.630565 0.022816 0.032100
0 0.126179 0.106121 0.034631 0.044946
0 0.184314 0.514211 0.020768 0.030299
0 0.243092 0.215967 0.030814 0.041377
0 0.176922 0.456593 0.018634 0.030251
0 0.669158 0.664953 0.020226 0.034957
0 0.696485 0.568100 0.018574 0.027518
0 0.122769 0.145095 0.031446 0.042491
0 0.637950 0.655435 0.019930 0.029218
0 0.539961 0.212649 0.022185 0.028004
