0 0.364051 0.496740 0.019102 0.028346
0 0.372426 0.472362 0.019287 0.026625
0 0.542269 0.490724 0.026124 0.032288
0 0.600867 0.438578 0.017829 0.024078
0 0.409000 0.181181 0.017088 0.026628
0 0.465315 0.740386 0.015298 0.025502
0 0.499693 0.497438 0.015879 0.029479
0 0.780355 0.611687 0.020189 0.033933
0 0.522681 0.456678 0.017727 0.025635
0 0.254217 0.496237 0.015587 0.024062
0 0.837917 0.187980 0.020623 0.023316
0 0.464846 0.311241 0.013883 0.020594
0 0.432011 0.447704 0.016797 0.022819
0 0.516033 0.497445 0.016890 0.023479
0 0.830832 0.573091 0.022539 0.025869
0 0.483594 0.303998 0.015102 0.020636
0 0.719040 0.154631 0.021301 0.025304
0 0.451052 0.773535 0.019392 0.028030
0 0.392727 0.499600 0.019522 0.026453
0 0.584585 0.486326 0.015549 0.022960
0 0.814298 0.183492 0.018910 0.021387
0 0.767446 0.062633 0.019244 0.028013
0 0.473658 0.327586 0.016975 0.021470
0 0.935733 0.236108 0.023789 0.026637
0 0.363465 0.147505 0.022592 0.031430
0 0.302058 0.497220 0.014262 0.022498
0 0.992346 0.486391 0.014380 0.031997
0 0.716120 0.182935 0.023514 0.028413
0 0.386219 0.455231 0.022137 0.026580
0 0.558657 0.440389 0.017630 0.025329
0 0.870883 0.175327 0.023752 0.030910
0 0.304625 0.477107 0.018454 0.019190
0 0.803301 0.163550 0.018945 0.022201
0 0.847702 0.056648 0.017912 0.022445
0 0.338956 0.484724 0.012986 0.022071
0 0.470904 0.222982 0.015222 0.022323
0 0.991950 0.530876 0.015176 0.026394
0 0.852535 0.173146 0.020284 0.026510
0 0.789881 0.036316 0.018981 0.022439
0 0.565997 0.469642 0.017737 0.024112
0 0.454676 0.211251 0.019257 0.031960
0 0.409195 0.539281 0.017249 0.026374
0 0.851893 0.621426 0.016777 0.023107
0 0.979787 0.217346 0.022693 0.028298
0 0.431022 0.482986 0.018277 0.021456
0 0.542966 0.462024 0.014760 0.028014
