0 0.359079 0.283046 0.062050 0.059262
0 0.303114 0.572581 0.083892 0.072041
0 0.493893 0.276249 0.071101 0.068617
0 0.464845 0.351439 0.063237 0.059169
0 0.099168 0.185293 0.071538 0.073965
0 0.813153 0.522215 0.079448 0.053071
0 0.593502 0.636908 0.076628 0.079763
0 0.750794 0.649645 0.084911 0.070179
0 0.560157 0.565656 0.089474 0.068729
0 0.665674 0.622770 0.088924 0.075160
0 0.049073 0.345693 0.068877 0.051708
0 0.510267 0.622963 0.070630 0.064750
0 0.322334 0.672363 0.056547 0.069516
0 0.266934 0.300515 0.060434 0.040309
0 0.151348 0.198273 0.059150 0.065348
0 0.465817 0.490730 0.069205 0.050934
0 0.497027 0.808376 0.079637 0.080629
0 0.174731 0.151548 0.074826 0.059046
0 0.265216 0.538368 0.061235 0.054179
0 0.026541 0.472659 0.052996 0.048005
0 0.454381 0.698415 0.064201 0.061647
0 0.149916 0.316197 0.060530 0.060451
0 0.548282 0.496433 0.113502 0.083078
0 0.680903 0.781407 0.085891 0.081115
0 0.109676 0.264174 0.050591 0.036042
0 0.434114 0.610506 0.069117 0.054771
