0 0.283111 0.591685 0.043518 0.062048
0 0.488081 0.533548 0.048833 0.072117
0 0.752275 0.734503 0.048793 0.076016
0 0.674844 0.922159 0.045441 0.074796
0 0.010505 0.902045 0.020959 0.071334
0 0.320082 0.612265 0.041579 0.069540
0 0.438490 0.418665 0.040794 0.066413
0 0.755845 0.810086 0.050359 0.071454
0 0.404002 0.475106 0.035256 0.069263
0 0.367080 0.451385 0.067984 0.087618
0 0.286030 0.535802 0.038426 0.060342
0 0.342346 0.230155 0.052830 0.072195
0 0.744931 0.879152 0.048847 0.074940
0 0.318161 0.228919 0.134582 0.136664
0 0.354776 0.450908 0.043504 0.083701
0 0.740721 0.828116 0.184045 0.269923
