0 0.400305 0.309751 0.077232 0.112987
0 0.467415 0.612326 0.064593 0.085690
0 0.525665 0.514057 0.074697 0.105476
0 0.638798 0.761090 0.074181 0.105160
0 0.602952 0.679481 0.075801 0.106566
0 0.302877 0.571219 0.082074 0.104523
0 0.265021 0.617837 0.069681 0.113117
0 0.359515 0.448194 0.085556 0.105581
0 0.570508 0.562829 0.062367 0.086053
0 0.558645 0.739783 0.067351 0.103533
0 0.574934 0.230781 0.076544 0.124805
0 0.537195 0.629567 0.066131 0.090015
0 0.582375 0.244772 0.060231 0.095115
0 0.244847 0.458059 0.065764 0.094975
