0 0.310615 0.570527 0.018266 0.035106
0 0.864226 0.561862 0.022257 0.040504
0 0.834937 0.520036 0.022229 0.039366
0 0.774441 0.430350 0.021621 0.040103
0 0.786050 0.546269 0.022036 0.039952
0 0.802448 0.586308 0.023627 0.043319
0 0.733538 0.438146 0.022110 0.035101
0 0.693457 0.385852 0.019089 0.039428
0 0.751687 0.522055 0.020571 0.038881
0 0.037877 0.582647 0.020545 0.039067
0 0.699712 0.519037 0.019747 0.036212
0 0.766474 0.489846 0.021880 0.042478
0 0.990031 0.321760 0.018974 0.040375
0 0.006477 0.909210 0.012875 0.037227
0 0.783476 0.300886 0.018028 0.026816
0 0.660272 0.390485 0.019487 0.037425
0 0.868707 0.399076 0.017827 0.035866
0 0.048006 0.604520 0.020757 0.039406
0 0.738092 0.710544 0.021293 0.045453
0 0.973345 0.291858 0.027840 0.053698
0 0.014614 0.584920 0.029229 0.042903
0 0.370671 0.315096 0.021227 0.039314
0 0.291729 0.362720 0.020695 0.039286
0 0.808562 0.562234 0.020757 0.035882
0 0.961235 0.331904 0.020142 0.034274
0 0.694413 0.464081 0.018286 0.032429
0 0.719776 0.413473 0.017097 0.036208
0 0.264695 0.470552 0.022366 0.040870
0 0.762246 0.412506 0.018859 0.039669
0 0.356170 0.326670 0.015197 0.032045
0 0.747524 0.384703 0.021238 0.037152
0 0.314344 0.328542 0.020069 0.038223
