0 0.636588 0.895548 0.025417 0.025483
0 0.262574 0.542473 0.036300 0.024764
0 0.639781 0.637234 0.033336 0.025743
0 0.275107 0.395119 0.033663 0.029593
0 0.660539 0.585917 0.035783 0.028301
0 0.175106 0.486660 0.032519 0.024325
0 0.275432 0.365911 0.032712 0.028421
0 0.240725 0.343843 0.029038 0.026416
0 0.679362 0.726682 0.038333 0.034405
0 0.664965 0.899148 0.023064 0.022313
0 0.551662 0.233152 0.028633 0.028008
0 0.519755 0.240225 0.030314 0.029161
0 0.258718 0.435978 0.033979 0.027470
0 0.569331 0.393892 0.029794 0.025023
0 0.503988 0.383749 0.025221 0.021202
0 0.201383 0.452867 0.031697 0.025337
