0 0.667745 0.246128 0.032756 0.050375
0 0.465947 0.551122 0.042797 0.060397
0 0.449828 0.180735 0.038434 0.055748
0 0.426385 0.534427 0.043419 0.058200
0 0.448373 0.228459 0.041845 0.055021
0 0.620809 0.337732 0.035036 0.044383
0 0.047724 0.647777 0.045767 0.063250
0 0.687647 0.314742 0.034979 0.049311
0 0.795054 0.475703 0.025877 0.037666
0 0.875797 0.888378 0.032456 0.048487
0 0.595111 0.094221 0.034997 0.052178
0 0.899405 0.831191 0.027905 0.041568
0 0.503214 0.051534 0.035338 0.050093
0 0.764619 0.144034 0.022619 0.034353
0 0.448870 0.204326 0.044135 0.103756
