0 0.813153 0.231659 0.058630 0.047832
0 0.590777 0.565312 0.062084 0.047581
0 0.212030 0.570243 0.073228 0.048470
0 0.380925 0.122480 0.056462 0.041717
0 0.559400 0.117440 0.047089 0.036620
0 0.452917 0.142528 0.052988 0.041596
0 0.604077 0.119249 0.047407 0.036038
0 0.556110 0.302797 0.073467 0.055224
0 0.894310 0.170791 0.062895 0.048023
0 0.441975 0.212871 0.062995 0.043477
0 0.805564 0.364000 0.059517 0.046135
0 0.764751 0.497505 0.055139 0.043285
0 0.506906 0.218720 0.067045 0.052729
0 0.160923 0.216068 0.071720 0.052500
0 0.322852 0.161934 0.044160 0.032972
0 0.895792 0.472858 0.073593 0.056457
0 0.684323 0.142728 0.069199 0.049324
0 0.560012 0.251246 0.071427 0.053131
0 0.989204 0.263416 0.020385 0.044549
0 0.629290 0.352708 0.043868 0.031379
0 0.237235 0.101502 0.056873 0.048392
0 0.831551 0.416815 0.076417 0.053454
